POINT_DATA:
point_num:
13
166	3371449.3160	558881.3160		32.0688 0
55	3371437.9320	558715.3220		34.8466 0
54	3371342.1200	558660.3970		36.1078 0
38	3371193.7410	558610.3220		33.4169 0
1-2	3371116.5608	558712.6905		33.0607 0
34	3371251.7920	558781.7230		32.8117 0
33	3371263.9690	558904.1270		32.1185 1
46	3371114.9106	558892.5377		32.6378 0
29	3371118.3355	559059.7108		31.3040 1
1-3	3371207.7101	559173.2100		31.1565 0
5	3371393.8304	559154.5611		30.7441 0
1-1	3371457.1022	559014.2539		30.8429 0
66	3371271.8372	559023.9551		31.3832 0
EDGE_DATA:
edge_num:
15
38 54 
54 55 
55 166
166 1-1
1-1 5
5 1-3
1-3 29
29 46
46 1-2
1-2 38
1-2 34
34 33
33 166
1-1 66
66 29
CLOSE_ROAD_DATA:
road_num:
4
8 55 54 38 1-2 34 33 166 55
高差闭合差=0.9(mm),限差=4.1(mm) 路线长度=1.041(km)
角度闭合差=9(s),限差=26(s) fx=0.001(m),fy=-0.007(m),fd=0.007(m) [s]=1023.213(m),k=1/150068,平均边长=146.173(m)
9 29 66 1-1 166 33 34 1-2 46 29
高差闭合差=0.5(mm),限差=4.6(mm) 路线长度=1.305(km)
角度闭合差=-2(s),限差=28(s) fx=-0.007(m),fy=-0.006(m),fd=0.009(m) [s]=1284.935(m),k=1/141841,平均边长=160.617(m)
6 1-3 5 1-1 66 29 1-3
高差闭合差=0.9(mm),限差=3.7(mm) 路线长度=0.869(km)
角度闭合差=-2(s),限差=18(s) fx=-0.007(m),fy=0.004(m),fd=0.008(m) [s]=318.676(m),k=1/39603,平均边长=159.338(m)
5 29 46 1-2 34 33
高差闭合差=2.2(mm),限差=3.1(mm) 路线长度=0.615(km)
fx=-0.001(m),fy=0.003(m),fd=0.003(m) [s]=287.083(m),k=1/88418,平均边长=143.541(m)
NET_DATA:
总边长：4664.0689,平均边长：155.4690,最小边长：110.4330,最大边长：187.0550
控制网中最小角度：62.4342,最大角度：178.1800
最大点位误差 =  0.0117 (m)
最大点间误差 =  0.0166 (m)
最大边长比例误差 =  15008
平面网验后单位权中误差 =  13.39 (s
ADJUSTMENT:
